9-2023 5858 3351712923 31-12-2023 5.858 Enviar